0 0.36015625 0.7671875 0.365625 0.4171875
1 0.396875 0.4640625 0.078125 0.175
1 0.53203125 0.43828125 0.053125 0.18125
1 0.6390625 0.4578125 0.096875 0.246875
1 0.9109375 0.51171875 0.090625 0.2890625
2 0.4546875 0.35859375 0.115625 0.14375
2 0.396875 0.2640625 0.11875 0.128125
2 0.3453125 0.2 0.084375 0.146875
2 0.71953125 0.39140625 0.1046875 0.14375
2 0.76953125 0.3140625 0.13125 0.140625
2 0.646875 0.3109375 0.11875 0.1
2 0.5859375 0.25390625 0.11875 0.1203125
2 0.45546875 0.20859375 0.0984375 0.165625
2 0.4140625 0.0796875 0.0734375 0.125
4 0.303125 0.09140625 0.05625 0.178125