0 0.36015625 0.7671875 0.36484375 0.4171875
1 0.396875 0.4640625 0.07734375 0.17578125
1 0.53203125 0.43828125 0.05390625 0.18203125
1 0.6390625 0.4578125 0.09609375 0.246875
1 0.9109375 0.51171875 0.09140625 0.2890625
2 0.4546875 0.35859375 0.1171875 0.14375
2 0.396875 0.2640625 0.11953125 0.128125
2 0.3453125 0.2 0.0859375 0.14765625
2 0.71953125 0.39140625 0.1046875 0.14375
2 0.76953125 0.3140625 0.13203125 0.14140625
2 0.646875 0.3109375 0.11953125 0.1
2 0.5859375 0.25390625 0.11875 0.1203125
2 0.45546875 0.20859375 0.0984375 0.16484375
2 0.4140625 0.0796875 0.0734375 0.12421875
4 0.303125 0.09140625 0.05703125 0.17734375