0 0.7671875 0.63984375 0.415625 0.3640625
1 0.4640625 0.603125 0.175 0.078125
1 0.43828125 0.46796875 0.18125 0.053125
1 0.4578125 0.3609375 0.246875 0.096875
1 0.51171875 0.0890625 0.2890625 0.090625
2 0.35859375 0.5453125 0.14375 0.1171875
2 0.2640625 0.603125 0.128125 0.11875
2 0.2 0.6546875 0.146875 0.0859375
2 0.39140625 0.28046875 0.14375 0.1046875
2 0.3140625 0.23046875 0.140625 0.1328125
2 0.3109375 0.353125 0.1 0.11875
2 0.25390625 0.4140625 0.1203125 0.11875
2 0.20859375 0.54453125 0.165625 0.0984375
2 0.0796875 0.5859375 0.125 0.0734375
4 0.09140625 0.696875 0.1765625 0.05625